enter  :  2022-12-07T07:45:44.210011621+02:00  :  [23.72763633728028, 37.97329711986601]  :  case_1  :  test_2
inside  :  2022-12-07T07:45:44.210011621+02:00  :  [23.72763633728028, 37.97329711986601]  :  case_1  :  test_2
inside  :  2022-12-07T07:45:44.210580286+02:00  :  [23.74128341674805, 37.98405429150413]  :  case_1  :  test_2
exit  :  2022-12-07T07:45:44.211075438+02:00  :  [23.76488685607911, 37.98638818660566]  :  case_1  :  test_2
enter  :  2022-12-07T07:45:44.211622111+02:00  :  [23.74351501464844, 37.96801944035648]  :  case_1  :  test_2
inside  :  2022-12-07T07:45:44.211622111+02:00  :  [23.74351501464844, 37.96801944035648]  :  case_1  :  test_2
exit  :  2022-12-07T07:45:44.212140314+02:00  :  [23.71536254882813, 37.9566508420316]  :  case_1  :  test_2
cross  :  2022-12-07T07:45:44.21324682+02:00  :  [23.70746612548829, 37.97593581733789]  :  case_1  :  test_2
